sample_version=0.1.0 modulus=64 seed=fdb6a170e38b7401
1,0
1,57
1,82
1,126
1,251
1,332
1,456
1,492
1,527
1,549
1,647
1,655
1,729
1,762
1,982
1,1187
1,1261
1,1291
1,1333
1,1559
1,1642
1,1667
1,1683
1,1730
1,1744
1,1761
1,1794
1,1848
1,1876
1,2118
1,2153
1,2213
1,2291
1,2325
1,2387
1,2460
1,2543
1,2642
1,2686
1,2849
1,2937
1,2964
1,3007
1,3035
1,3056
1,3111
1,3234
1,3353
1,3384
1,3394
1,3467
1,3570
1,3599
1,3704
1,3714
1,3922
1,3960
1,3998
1,4035
1,4043
1,4056
1,4093
1,4094
1,4140
1,4228
1,4332
1,4379
1,4441
1,4476
1,4481
1,4571
1,4574
1,4597
1,4710
1,4715
1,4760
1,4778
1,4943
1,5178
1,5185
1,5186
1,5204
1,5277
1,5301
1,5379
1,5389
1,5584
1,5699
1,5708
1,5804
1,5849
1,5892
1,5933
1,6017
1,6088
1,6223
1,6248
1,6262
1,6266
1,6349
1,6408
1,6512
1,6597
1,6632
1,6712
1,6749
1,6818
1,6945
1,7010
1,7104
1,7105
1,7194
1,7201
1,7218
1,7343
1,7360
1,7365
1,7371
1,7421
1,7426
1,7490
1,7502
1,7542
1,7589
1,7602
1,7639
1,7708
1,7775
1,7798
1,7805
1,7838
1,7946
1,7999
1,8009
1,8114
1,8171
1,8190
1,8200
1,8212
1,8300
1,8331
1,8362
1,8418
1,8424
1,8490
1,8512
1,8696
1,8754
1,8861
1,8943
1,9039
1,9069
1,9098
1,9162
1,9234
1,9246
1,9285
1,9314
1,9336
1,9360
1,9390
1,9412
1,9522
1,9556
1,9566
1,9592
1,9601
1,9848
1,9910
1,10014
1,10048
1,10051
1,10139
1,10241
1,10326
1,10424
1,10434
1,10470
1,10472
1,10641
1,10702
1,10778
1,10867
1,10964
1,10965
1,11043
1,11057
1,11088
1,11138
1,11150
1,11241
1,11327
1,11401
1,11427
1,11429
1,11530
1,11629
1,11640
1,11744
1,11754
1,11760
1,11764
1,11968
1,11976
1,12051
1,12065
1,12084
1,12087
1,12132
1,12168
1,12230
1,12275
1,12308
1,12423
1,12622
1,12663
1,12727
1,12739
1,12741
1,12788
1,12801
1,12986
1,12987
1,13086
1,13304
1,13345
1,13376
1,13412
1,13417
1,13582
1,13747
1,13861
1,14015
1,14041
1,14051
1,14159
1,14182
1,14201
1,14210
1,14252
1,14302
1,14308
1,14312
1,14399
1,14524
1,14613
1,14653
1,14859
1,15037
1,15089
1,15120
1,15177
1,15285
1,15333
1,15372
1,15544
1,15601
1,15656
1,15815
1,15831
1,15897
1,16012
1,16146
1,16155
1,16192
1,16239
1,16384
1,16436
1,16527
1,16594
1,16662
1,16681
1,16685
1,16741
1,16819
1,16955
1,17046
1,17355
1,17583
1,17621
1,17625
1,17642
1,17663
1,17684
1,17694
1,17851
1,17862
1,17896
1,17908
1,18024
1,18083
1,18084
1,18218
1,18227
1,18324
1,18354
1,18419
1,18440
1,18499
1,18500
1,18561
1,18566
1,18654
1,18683
1,18740
1,18861
1,18953
1,18968
1,19046
1,19066
1,19080
1,19234
1,19252
1,19361
1,19434
1,19540
1,19757
1,19887
1,19890
1,19898
1,19921
1,19949
1,19976
1,19987
1,20068
1,20141
1,20279
1,20345
1,20396
1,20450
1,20485
1,20492
1,20597
1,20625
1,20761
1,20800
1,20815
1,20913
1,20971
1,21063
1,21091
1,21122
1,21143
1,21167
1,21183
1,21265
1,21496
1,21508
1,21529
1,21665
1,21697
1,21726
1,21800
1,21825
1,22006
1,22040
1,22099
1,22109
1,22117
1,22127
1,22134
1,22297
1,22372
1,22480
1,22538
1,22600
1,22761
1,22771
1,22913
1,23046
1,23096
1,23177
1,23216
1,23289
1,23304
1,23405
1,23437
1,23468
1,23496
1,23637
1,23719
1,23722
1,23789
1,23804
1,23806
1,23825
1,23845
1,23894
1,23895
1,23965
1,23993
1,24029
1,24042
1,24112
1,24142
1,24212
1,24270
1,24352
1,24515
1,24516
1,24523
1,24597
1,24661
1,24821
1,24882
1,24935
1,25150
1,25160
1,25201
1,25235
1,25254
1,25259
1,25262
1,25433
1,25467
1,25540
1,25607
1,25617
1,25662
1,25807
1,25812
1,25863
1,25907
1,25991
1,26098
1,26214
1,26282
1,26298
1,26302
1,26314
1,26372
1,26389
1,26426
1,26489
1,26565
1,26585
1,26807
1,26847
1,26855
1,26862
1,26938
1,26950
1,26959
1,26981
1,27099
1,27166
1,27198
1,27214
1,27247
1,27250
1,27284
1,27318
1,27389
1,27428
1,27517
1,27591
1,27660
1,27676
1,27690
1,27791
1,27853
1,27960
1,28032
1,28046
1,28423
1,28450
1,28457
1,28715
1,28766
1,28794
1,28840
1,28842
1,28930
1,28948
1,28971
1,29054
1,29083
1,29233
1,29237
1,29292
1,29318
1,29503
1,29549
1,29609
1,29839
1,29883
1,29901
1,29950
1,30091
1,30108
1,30118
1,30132
1,30246
1,30360
1,30371
1,30435
1,30486
1,30750
1,30813
1,30924
1,31027
1,31053
1,31083
1,31292
1,31327
1,31344
1,31585
1,31597
1,31688
1,31710
1,31714
1,31867
1,31945
1,31953
1,32165
1,32209
1,32253
1,32510
1,32544
1,32755
1,32815
1,32856
1,32887
1,32922
1,32973
1,33014
1,33104
1,33145
1,33153
1,33161
1,33175
1,33296
1,33374
1,33473
1,33511
1,33647
1,33702
1,33758
1,33841
1,33846
1,33934
1,33970
1,34037
1,34043
1,34117
1,34122
1,34323
1,34495
1,35052
1,35254
1,35297
1,35356
1,35448
1,35556
1,35590
1,35688
1,35788
1,35894
1,35896
1,35920
1,35975
1,36159
1,36197
1,36284
1,36303
1,36338
1,36353
1,36469
1,36516
1,36529
1,36564
1,36646
1,36754
1,36764
1,36862
1,36982
1,37017
1,37065
1,37269
1,37463
1,37540
1,37568
1,37599
1,37667
1,37708
1,37895
1,37949
1,37963
1,38113
1,38114
1,38157
1,38382
1,38489
1,38567
1,38609
1,38632
1,38648
1,38659
1,38720
1,38761
1,38765
1,38801
1,38884
1,38963
1,38978
1,39055
1,39070
1,39098
1,39156
1,39179
1,39255
1,39345
1,39348
1,39382
1,39391
1,39415
1,39521
1,39577
1,39603
1,39640
1,39751
1,39756
1,39767
1,39768
1,39833
1,39882
1,39897
1,40154
1,40191
1,40360
1,40435
1,40458
1,40477
1,40546
1,40586
1,40630
1,40662
1,40811
1,40836
1,40923
1,40929
1,40955
1,40983
1,41058
1,41081
1,41209
1,41230
1,41382
1,41631
1,41699
1,41763
1,41879
1,41901
1,41940
1,42005
1,42027
1,42125
1,42136
1,42185
1,42211
1,42269
1,42284
1,42364
1,42446
1,42461
1,42631
1,42686
1,42692
1,42697
1,42799
1,42820
1,42886
1,42896
1,42903
1,42954
1,42963
1,42968
1,42980
1,43079
1,43257
1,43283
1,43318
1,43490
1,43577
1,43582
1,43628
1,43699
1,43797
1,43828
1,43951
1,44078
1,44091
1,44172
1,44240
1,44279
1,44345
1,44490
1,44539
1,44548
1,44608
1,44685
1,44709
1,44716
1,44773
1,44781
1,44828
1,44904
1,45012
1,45034
1,45329
1,45502
1,45557
1,45670
1,45736
1,45804
1,45808
1,45829
1,45936
1,45972
1,46064
1,46142
1,46236
1,46297
1,46317
1,46349
1,46495
1,46510
1,46525
1,46589
1,46690
1,46743
1,46972
1,47020
1,47050
1,47100
1,47255
1,47273
1,47416
1,47520
1,47605
1,47754
1,47891
1,48153
1,48281
1,48309
1,48399
1,48455
1,48579
1,48668
1,48686
1,48753
1,48773
1,48842
1,48855
1,48873
1,49120
1,49122
1,49307
1,49357
1,49377
1,49384
1,49411
1,49427
1,49430
1,49496
1,49567
1,49654
1,49661
1,49789
1,49875
1,49954
1,50042
1,50072
1,50125
1,50211
1,50270
1,50316
1,50337
1,50383
1,50500
1,50512
1,50523
1,50598
1,50644
1,50715
1,50790
1,51039
1,51074
1,51150
1,51189
1,51239
1,51241
1,51312
1,51313
1,51347
1,51497
1,51541
1,51721
1,51876
1,51930
1,52031
1,52105
1,52155
1,52366
1,52386
1,52419
1,52522
1,52540
1,52543
1,52595
1,52603
1,52664
1,52685
1,52883
1,52895
1,52969
1,53217
1,53284
1,53310
1,53461
1,53469
1,53481
1,53557
1,53592
1,53662
1,53751
1,53756
1,53774
1,53778
1,53812
1,53869
1,53936
1,53962
1,54131
1,54206
1,54271
1,54405
1,54501
1,54514
1,54568
1,54578
1,54622
1,54772
1,54954
1,54992
1,55102
1,55148
1,55194
1,55235
1,55289
1,55290
1,55304
1,55408
1,55410
1,55415
1,55421
1,55461
1,55558
1,55560
1,55588
1,55599
1,55609
1,55611
1,55695
1,55918
1,56046
1,56145
1,56148
1,56307
1,56391
1,56446
1,56531
1,56571
1,56607
1,56651
1,56737
1,56828
1,56998
1,57016
1,57058
1,57074
1,57075
1,57088
1,57110
1,57251
1,57306
1,57327
1,57468
1,57508
1,57577
1,57645
1,57805
1,57826
1,57912
1,58001
1,58010
1,58066
1,58243
1,58380
1,58478
1,58525
1,58548
1,58624
1,58889
1,59028
1,59051
1,59068
1,59172
1,59199
1,59278
1,59486
1,59519
1,59745
1,59763
1,59774
1,59780
1,59872
1,59937
1,59965
1,60111
1,60138
1,60145
1,60314
1,60347
1,60430
1,60514
1,60521
1,60723
1,60737
1,60747
1,60860
1,60870
1,60880
1,60895
1,60908
1,60941
1,60956
1,60958
1,60983
1,61043
1,61062
1,61095
1,61213
1,61225
1,61430
1,61562
1,61575
1,61582
1,61597
1,61616
1,61665
1,61786
1,61794
1,61816
1,61924
1,62147
1,62205
1,62479
1,62505
1,62519
1,62553
1,62567
1,62655
1,62820
1,62957
1,62963
1,63172
1,63281
1,63378
1,63487
1,63520
1,63612
1,63618
1,63638
1,63643
1,63649
1,63752
1,63874
1,63926
1,63933
1,63937
1,63973
1,63992
1,64009
1,64066
1,64093
1,64094
1,64177
1,64253
1,64351
1,64376
1,64390
1,64469
1,64519
1,64520
1,64627
1,64787
1,64886
1,64951
1,64998
1,65030
1,65250
1,65285
1,65292
1,65336
1,65367
1,65384
1,65401
1,65483
1,65547
1,65703
1,65795
1,65850
1,65862
1,65867
1,65876
1,65896
1,65910
1,65987
1,65998
1,66071
1,66115
1,66187
1,66243
1,66274
1,66293
1,66366
1,66503
1,66564
1,66721
1,66883
1,66920
1,66932
1,67212
1,67269
1,67322
1,67394
1,67444
1,67524
1,67563
1,67656
1,67723
1,67754
1,67853
1,67884
1,67926
1,67955
1,67997
1,68003
1,68031
1,68176
1,68234
1,68566
1,68581
1,68634
1,68636
1,68667
1,68873
1,68940
1,68941
1,68973
1,69013
1,69021
1,69178
1,69291
1,69436
1,69491
1,69594
1,69607
1,69677
1,69759
1,69784
1,69839
1,70079
1,70122
1,70143
1,70159
1,70160
1,70191
1,70192
1,70299
1,70451
1,70500
1,70643
1,70792
1,70801
1,70913
1,71081
1,71112
1,71155
1,71182
1,71200
1,71228
1,71371
1,71421
1,71474
1,71578
1,71607
1,71689
1,71712
1,71978
1,72036
1,72039
1,72088
1,72225
1,72303
1,72310
1,72485
1,72571
1,72596
1,72641
1,72671
1,72720
1,72825
1,73191
1,73192
1,73298
1,73373
1,73651
1,73657
1,73697
1,73736
1,73788
1,73867
1,73952
1,73994
1,73997
1,74102
1,74154
1,74227
1,74246
1,74331
1,74332
1,74366
1,74421
1,74505
1,74507
1,74560
1,74590
1,74662
1,74711
1,74737
1,74752
1,74791
1,75032
1,75175
1,75194
1,75246
1,75370
1,75412
1,75419
1,75426
1,75455
1,75507
1,75512
1,75522
1,75535
1,75568
1,75574
1,75580
1,75596
1,75706
1,75786
1,75807
1,75928
1,76191
1,76247
1,76292
1,76406
1,76477
1,76523
1,76551
1,76618
1,76634
1,76701
1,76733
1,76882
1,77052
1,77062
1,77099
1,77131
1,77205
1,77416
1,77423
1,77587
1,77703
1,77764
1,77771
1,77774
1,77835
1,77862
1,78247
1,78251
1,78284
1,78294
1,78337
1,78366
1,78399
1,78455
1,78499
1,78536
1,78556
1,78619
1,78647
1,78829
1,78893
1,78973
1,78997
1,79003
1,79091
1,79202
1,79299
1,79305
1,79327
1,79337
1,79377
1,79445
1,79571
1,79573
1,79614
1,79825
1,79855
1,79994
1,80038
1,80114
1,80120
1,80257
1,80291
1,80309
1,80347
1,80358
1,80460
1,80555
1,80578
1,80595
1,80641
1,80678
1,80706
1,80730
1,81005
1,81015
1,81053
1,81087
1,81171
1,81386
1,81483
1,81499
1,81520
1,81554
1,81557
1,81665
1,81754
1,81770
1,81779
1,81806
1,81814
1,81818
1,82074
1,82075
1,82175
1,82317
1,82324
1,82331
1,82525
1,82689
1,82846
1,82875
1,82906
1,82960
1,83069
1,83091
1,83265
1,83276
1,83284
1,83289
1,83551
1,83574
1,83642
1,83646
1,83648
1,83651
1,83761
1,83801
1,83811
1,83815
1,83854
1,83880
1,83907
1,83964
1,84198
1,84235
1,84266
1,84373
1,84391
1,84610
1,84619
1,84672
1,84732
1,84838
1,84841
1,84855
1,84884
1,84893
1,85043
1,85063
1,85259
1,85370
1,85375
1,85470
1,85475
1,85503
1,85584
1,85622
1,85624
1,85642
1,85679
1,85680
1,85690
1,85720
1,85808
1,85978
1,86005
1,86030
1,86129
1,86143
1,86153
1,86192
1,86462
1,86585
1,86744
1,86764
1,86785
1,86803
1,86904
1,86952
1,87004
1,87013
1,87375
1,87428
1,87538
1,87718
1,87722
1,87803
1,87816
1,87825
1,87851
1,87861
1,87923
1,88030
1,88109
1,88193
1,88287
1,88318
1,88356
1,88378
1,88392
1,88401
1,88522
1,88656
1,88661
1,88691
1,88697
1,88724
1,88752
1,88757
1,88791
1,88793
1,88860
1,88915
1,88953
1,89072
1,89117
1,89250
1,89251
1,89261
1,89571
1,89620
1,89629
1,89655
1,89744
1,89757
1,89780
1,89804
1,89851
1,90035
1,90056
1,90079
1,90170
1,90241
1,90286
1,90304
1,90329
1,90432
1,90516
1,90573
1,90663
1,90666
1,90844
1,90919
1,90991
1,91011
1,91025
1,91039
1,91052
1,91095
1,91121
1,91160
1,91227
1,91234
1,91297
1,91300
1,91321
1,91379
1,91466
1,91496
1,91559
1,91608
1,91611
1,91754
1,91839
1,91844
1,91868
1,91953
1,91989
1,92038
1,92059
1,92106
1,92171
1,92196
1,92319
1,92391
1,92538
1,92574
1,92790
1,92828
1,93028
1,93036
1,93115
1,93243
1,93379
1,93526
1,93539
1,93726
1,93785
1,93791
1,93799
1,93809
1,93920
1,93945
1,93960
1,93997
1,94009
1,94015
1,94022
1,94082
1,94084
1,94160
1,94227
1,94267
1,94285
1,94318
1,94452
1,94454
1,94498
1,94575
1,94659
1,94864
1,94908
1,94920
1,95006
1,95158
1,95213
1,95249
1,95255
1,95374
1,95384
1,95626
1,95658
1,95752
1,96102
1,96132
1,96161
1,96180
1,96355
1,96357
1,96418
1,96522
1,96555
1,96599
1,96652
1,96669
1,96815
1,96892
1,97143
1,97155
1,97197
1,97206
1,97240
1,97269
1,97355
1,97440
1,97564
1,97581
1,97587
1,97596
1,97613
1,97739
1,97874
1,97904
1,97920
1,97930
1,98025
1,98077
1,98089
1,98353
1,98378
1,98385
1,98469
1,98524
1,98631
1,98633
1,98653
1,98722
1,98925
1,99029
1,99057
1,99060
1,99112
1,99146
1,99173
1,99209
1,99317
1,99319
1,99357
1,99419
1,99551
1,99593
1,99595
1,99597
1,99608
1,99621
1,99629
1,99767
1,99822
1,99833
1,99852
1,99911
1,99918
1,99926
1,99936
1,99982
1,100025
1,100039
1,100116
1,100139
1,100149
1,100176
1,100244
1,100406
1,100415
1,100465
1,100487
1,100610
1,100619
1,100623
1,100640
1,100655
1,100677
1,100701
1,100773
1,100814
1,100841
1,100899
1,100917
1,101192
1,101202
1,101206
1,101249
1,101272
1,101273
1,101363
1,101538
1,101581
1,101747
1,101854
1,101960
1,102070
1,102078
1,102098
1,102104
1,102105
1,102119
1,102123
1,102279
1,102304
1,102377
1,102592
1,102739
1,102879
1,102953
1,102958
1,102973
1,102985
1,102993
1,103001
1,103102
1,103112
1,103123
1,103231
1,103311
1,103519
1,103570
1,103571
1,103586
1,103603
1,103639
1,103678
1,103684
1,103751
1,103820
1,103888
1,103893
1,103965
1,103994
1,104047
1,104112
1,104368
1,104517
1,104598
1,104614
1,104740
1,104760
1,104766
1,104810
1,104837
1,104993
1,105038
1,105069
1,105282
1,105317
1,105386
1,105433
1,105444
1,105459
1,105490
1,105498
1,105524
1,105620
1,105642
1,105814
1,105831
1,105870
1,105876
1,105930
1,106102
1,106111
1,106153
1,106262
1,106343
1,106405
1,106406
1,106415
1,106498
1,106510
1,106553
1,106560
1,106905
1,107157
1,107192
1,107202
1,107245
1,107352
1,107397
1,107456
1,107487
1,107604
1,107712
1,107750
1,107760
1,107820
1,108001
1,108133
1,108198
1,108249
1,108274
1,108278
1,108369
1,108371
1,108503
1,108522
1,108545
1,108613
1,108665
1,108667
1,108744
1,108752
1,108903
1,109007
1,109097
1,109128
1,109202
1,109229
1,109315
1,109366
1,109457
1,109486
1,109523
1,109540
1,109595
1,109656
1,109756
1,109772
1,109787
1,109798
1,109856
1,109880
1,109928
1,109969
1,109988
1,110045
1,110207
1,110237
1,110315
1,110419
1,110430
1,110447
1,110460
1,110532
1,110561
1,110629
1,110659
1,110737
1,110820
1,110869
1,110939
1,111167
1,111390
1,111482
1,111503
1,111740
1,111797
1,111856
1,111888
1,111899
1,111902
1,111926
1,112085
1,112129
1,112192
1,112463
1,112492
1,112542
1,112558
1,113055
1,113080
1,113122
1,113169
1,113233
1,113274
1,113396
1,113526
1,113668
1,113691
1,113773
1,113793
1,113910
1,113931
1,113957
1,114002
1,114093
1,114157
1,114197
1,114198
1,114315
1,114374
1,114387
1,114424
1,114537
1,114622
1,114704
1,114771
1,114849
1,114953
1,115085
1,115154
1,115311
1,115337
1,115347
1,115356
1,115365
1,115462
1,115525
1,115594
1,115778
1,115794
1,115939
1,115958
1,115989
1,116097
1,116123
1,116140
1,116204
1,116259
1,116279
1,116372
1,116401
1,116615
1,116714
1,116768
1,116806
1,116869
1,116879
1,116965
1,117028
1,117129
1,117162
1,117212
1,117257
1,117464
1,117848
1,117860
1,117957
1,117991
1,118081
1,118090
1,118108
1,118115
1,118117
1,118177
1,118250
1,118319
1,118346
1,118515
1,118606
1,118619
1,118716
1,118777
1,118792
1,118800
1,118934
1,118974
1,119049
1,119209
1,119279
1,119308
1,119310
1,119312
1,119345
1,119349
1,119653
1,119654
1,119731
1,119855
1,119858
1,119863
1,119868
1,119888
1,119897
1,120093
1,120179
1,120214
1,120233
1,120298
1,120311
1,120324
1,120368
1,120498
1,120515
1,120614
1,120626
1,120627
1,120651
1,120656
1,120668
1,120773
1,120864
1,120952
1,121151
1,121229
1,121256
1,121281
1,121341
1,121455
1,121558
1,121584
1,121628
1,121668
1,121949
1,121969
1,121974
1,121978
1,122022
1,122096
1,122106
1,122234
1,122242
1,122302
1,122388
1,122518
1,122528
1,122558
1,122565
1,122664
1,122842
1,122901
1,123000
1,123084
1,123175
1,123187
1,123301
1,123336
1,123350
1,123390
1,123399
1,123439
1,123526
1,123634
1,123663
1,123692
1,123727
1,123819
1,123843
1,123863
1,124047
1,124100
1,124110
1,124132
1,124145
1,124160
1,124256
1,124259
1,124260
1,124282
1,124307
1,124408
1,124476
1,124512
1,124635
1,124679
1,124743
1,125041
1,125058
1,125142
1,125171
1,125268
1,125297
1,125411
1,125461
1,125506
1,125610
1,125620
1,125704
1,125754
1,125893
1,125903
1,125905
1,125906
1,125995
1,126045
1,126096
1,126182
1,126197
1,126298
1,126359
1,126415
1,126417
1,126454
1,126517
1,126647
1,126654
1,126655
1,126840
1,126857
1,126944
1,127023
1,127043
1,127053
1,127185
1,127431
1,127524
1,127537
1,127630
1,127793
1,127829
1,127857
1,127867
1,127872
1,127895
1,127931
1,127952
1,127972
1,128094
1,128114
1,128197
1,128223
1,128248
1,128353
1,128445
1,128455
1,128489
1,128516
1,128520
1,128546
1,128698
1,128715
1,128787
1,128985
1,129049
1,129059
1,129088
1,129257
1,129293
1,129327
1,129335
1,129337
1,129357
1,129382
1,129384
1,129397
1,129447
1,129562
1,129571
1,129575
1,129580
1,129641
1,129647
1,129878
1,129895
1,129904
1,129909
1,129943
1,129948
1,130009
1,130011
1,130032
1,130042
1,130045
1,130071
1,130089
1,130106
1,130217
1,130353
1,130412
1,130441
1,130461
1,130558
1,130633
1,130756
1,130759
1,130761
1,130782
1,130851
1,130876
1,130879
1,130919
1,131045
1,131068
1,131150
1,131210
1,131362
1,131396
1,131543
1,131561
1,131617
1,131775
1,131933
1,132040
1,132095
1,132150
1,132171
1,132221
1,132509
1,132519
1,132613
1,132645
1,132699
1,132746
1,132756
1,132990
1,133018
1,133104
1,133211
1,133238
1,133326
1,133414
1,133463
1,133492
1,133531
1,133723
1,133913
1,133955
1,133974
1,134050
1,134056
1,134094
1,134115
1,134230
1,134244
1,134246
1,134279
1,134398
1,134414
1,134716
1,134797
1,134811
1,134827
1,134841
1,134859
1,134901
1,134996
1,135066
1,135249
1,135279
1,135469
1,135520
1,135607
1,135623
1,135680
1,135840
1,135856
1,135858
1,135900
1,135901
1,135916
1,135941
1,135958
1,135960
1,136022
1,136132
1,136165
1,136240
1,136421
1,136640
1,137219
1,137297
1,137377
1,137511
1,137552
1,137646
1,137771
1,137926
1,137946
1,138116
1,138266
1,138616
1,138699
1,138827
1,138859
1,138899
1,138928
1,138985
1,139151
1,139205
1,139236
1,139302
1,139325
1,139329
1,139371
1,139536
1,139589
1,139682
1,139845
1,139853
1,139873
1,139974
1,140015
1,140029
1,140033
1,140040
1,140080
1,140119
1,140140
1,140264
1,140304
1,140360
1,140377
1,140420
1,140435
1,140442
1,140443
1,140456
1,140469
1,140621
1,140699
1,140778
1,140926
1,140990
1,141035
1,141115
1,141192
1,141248
1,141465
1,141541
1,141656
1,141715
1,141719
1,141842
1,141972
1,142047
1,142052
1,142077
1,142115
1,142305
1,142517
1,142652
1,142815
1,142948
1,142986
1,142995
1,143166
1,143426
1,143432
1,143520
1,143527
1,143555
1,143558
1,143680
1,143683
1,143767
1,143860
1,143951
1,143960
1,144003
1,144011
1,144113
1,144161
1,144285
1,144292
1,144327
1,144365
1,144436
1,144462
1,144496
1,144849
1,144908
1,144919
1,144933
1,144982
1,145075
1,145221
1,145403
1,145405
1,145415
1,145540
1,145594
1,145627
1,145641
1,145646
1,145672
1,145723
1,145807
1,145844
1,145893
1,145943
1,146023
1,146116
1,146182
1,146251
1,146294
1,146340
1,146583
1,146593
1,146641
1,146709
1,146865
1,146902
1,146956
1,146975
1,147039
1,147094
1,147116
1,147238
1,147277
1,147321
1,147389
1,147417
1,147462
1,147487
1,147512
1,147528
1,147820
1,147823
1,147855
1,147876
1,147901
1,147914
1,148020
1,148078
1,148227
1,148331
1,148412
1,148568
1,148610
1,148612
1,148684
1,148903
1,148929
1,148930
1,149050
1,149070
1,149144
1,149168
1,149238
1,149243
1,149342
1,149350
1,149370
1,149407
1,149447
1,149482
1,149703
1,149782
1,149860
1,149866
1,149900
1,149943
1,149969
1,150118
1,150125
1,150128
1,150176
1,150180
1,150264
1,150285
1,150309
1,150316
1,150405
1,150541
1,150663
1,150676
1,150688
1,150745
1,150808
1,150810
1,150832
1,150882
1,150920
1,150996
1,151048
1,151115
1,151156
1,151220
1,151230
1,151240
1,151269
1,151282
1,151314
1,151371
1,151480
1,151582
1,151585
1,151604
1,151655
1,151783
1,152043
1,152062
1,152115
1,152228
1,152295
1,152315
1,152339
1,152487
1,152758
1,152788
1,152870
1,152898
1,152927
1,152977
1,152988
1,153027
1,153032
1,153116
1,153134
1,153156
1,153410
1,153427
1,153456
1,153533
1,153661
1,153681
1,153691
1,153946
1,154087
1,154296
1,154322
1,154429
1,154759
1,154763
1,154770
1,154830
1,154857
1,154908
1,154911
1,154921
1,154964
1,154965
1,155000
1,155024
1,155037
1,155047
1,155072
1,155130
1,155145
1,155240
1,155361
1,155383
1,155581
1,155588
1,155619
1,155920
1,155963
1,155991
1,156017
1,156061
1,156140
1,156159
1,156172
1,156199
1,156218
1,156229
1,156279
1,156412
1,156468
1,156522
1,156730
1,156771
1,156888
1,156933
1,157017
1,157101
1,157231
1,157270
1,157332
1,157379
1,157407
1,157449
1,157504
1,157534
1,157708
1,157775
1,157893
1,157909
1,158000
1,158144
1,158240
1,158338
1,158343
1,158521
1,158527
1,158677
1,158710
1,158721
1,158812
1,158913
1,159029
1,159058
1,159125
1,159164
1,159203
1,159214
1,159272
1,159383
1,159388
1,159441
1,159470
1,159474
1,159574
1,159600
1,159639
1,159675
1,159790
1,159793
1,159823
1,159953
1,159958
1,160373
1,160401
1,160413
1,160488
1,160499
1,160555
1,160760
1,160828
1,160876
1,160901
1,160903
1,160967
1,160969
1,161003
1,161026
1,161155
1,161242
1,161278
1,161294
1,161334
1,161365
1,161475
1,161564
1,161627
1,161711
1,161715
1,161884
1,162125
1,162131
1,162261
1,162321
1,162391
1,162420
1,162434
1,162552
1,162579
1,162661
1,162725
1,162897
1,162974
1,163017
1,163021
1,163089
1,163222
1,163283
1,163353
1,163528
1,163605
1,163699
1,163810
1,163979
1,163987
1,164059
1,164209
1,164321
1,164336
1,164372
1,164379
1,164514
1,164521
1,164577
1,164677
1,164682
1,164768
1,164808
1,164818
1,164866
1,164874
1,164883
1,165127
1,165138
1,165163
1,165166
1,165289
1,165431
1,165572
1,165610
1,165633
1,165681
1,165730
1,165825
1,165988
1,166134
1,166138
1,166241
1,166265
1,166391
1,166416
1,166623
1,166629
1,166722
1,166803
1,166817
1,166823
1,166860
1,166905
1,167036
1,167076
1,167121
1,167155
1,167176
1,167241
1,167256
1,167299
1,167331
1,167401
1,167419
1,167432
1,167511
1,167520
1,167546
1,167564
1,167686
1,167709
1,167806
1,167844
1,167918
1,167927
1,168040
1,168080
1,168161
1,168413
1,168416
1,168450
1,168492
1,168541
1,168586
1,168658
1,168690
1,168761
1,168943
1,168950
1,169033
1,169176
1,169285
1,169366
1,169461
1,169604
1,169639
1,169683
1,169829
1,169920
1,169929
1,169930
1,169946
1,170144
1,170222
1,170282
1,170312
1,170353
1,170601
1,170750
1,171026
1,171059
1,171210
1,171268
1,171298
1,171317
1,171367
1,171417
1,171475
1,171481
1,171521
1,171527
1,171552
1,171597
1,171601
1,171662
1,171703
1,171734
1,171766
1,171892
1,171925
1,171938
1,171989
1,172026
1,172033
1,172061
1,172101
1,172192
1,172327
1,172425
1,172474
1,172576
1,172774
1,172828
1,172928
1,173051
1,173150
1,173188
1,173287
1,173458
1,173464
1,173534
1,173556
1,173566
1,173583
1,173615
1,173659
1,173669
1,173833
1,173855
1,173894
1,173948
1,173963
1,174123
1,174141
1,174143
1,174144
1,174233
1,174356
1,174465
1,174492
1,174621
1,174625
1,174630
1,174722
1,174777
1,174840
1,174908
1,174980
1,175054
1,175056
1,175205
1,175281
1,175286
1,175363
1,175415
1,175440
1,175441
1,175454
1,175478
1,175588
1,175606
1,175760
1,175812
1,175839
1,175908
1,176114
1,176198
1,176286
1,176317
1,176449
1,176450
1,176461
1,176733
1,176771
1,176850
1,177021
1,177068
1,177281
1,177373
1,177383
1,177389
1,177475
1,177484
1,177519
1,177624
1,177642
1,177697
1,177791
1,177818
1,177836
1,177846
1,177868
1,177994
1,178036
1,178097
1,178141
1,178224
1,178260
1,178297
1,178321
1,178408
1,178429
1,178439
1,178513
1,178682
1,178695
1,178718
1,178739
1,178782
1,178804
1,178857
1,178929
1,178950
1,179005
1,179054
1,179146
1,179352
1,179404
1,179495
1,179501
1,179681
1,179750
1,179771
1,179944
1,179954
1,180311
1,180337
1,180357
1,180587
1,180663
1,180670
1,180716
1,180731
1,180759
1,180781
1,180978
1,180984
1,180999
1,181023
1,181026
1,181152
1,181495
1,181577
1,181612
1,181645
1,181754
1,182075
1,182090
1,182273
1,182280
1,182300
1,182436
1,182502
1,182573
1,182606
1,182624
1,182640
1,182735
1,182736
1,182751
1,182922
1,182976
1,182998
1,183070
1,183114
1,183183
1,183197
1,183247
1,183569
1,183597
1,183607
1,183653
1,183679
1,183777
1,183819
1,183908
1,183929
1,184056
1,184071
1,184103
1,184166
1,184277
1,184372
1,184464
1,184471
1,184623
1,184638
1,184715
1,185150
1,185181
1,185183
1,185268
1,185488
1,185739
1,185782
1,185856
1,185955
1,185964
1,185969
1,186238
1,186294
1,186295
1,186327
1,186421
1,186425
1,186464
1,186520
1,186555
1,186618
1,186745
1,186786
1,186812
1,186866
1,186875
1,186967
1,186983
1,187035
1,187085
1,187242
1,187294
1,187319
1,187531
1,187556
1,187558
1,187610
1,187673
1,187725
1,187844
1,187865
1,187953
1,187958
1,188071
1,188108
1,188127
1,188266
1,188369
1,188521
1,188638
1,188723
1,188776
1,188811
1,188856
1,188866
1,188875
1,188881
1,189057
1,189118
1,189170
1,189291
1,189371
1,189389
1,189435
1,189499
1,189511
1,189577
1,189594
1,189663
1,189686
1,189691
1,189760
1,189768
1,189796
1,189816
1,189905
1,189998
1,190004
1,190011
1,190047
1,190108
1,190207
1,190246
1,190306
1,190308
1,190328
1,190455
1,190468
1,190522
1,190538
1,190578
1,190676
1,190733
1,190859
1,190891
1,190946
1,191065
1,191086
1,191135
1,191267
1,191328
1,191357
1,191482
1,191556
1,191581
1,191585
1,191784
1,191794
1,191799
1,191859
1,191958
1,192008
1,192039
1,192043
1,192220
1,192450
1,192606
1,192607
1,192671
1,192704
1,192720
1,192726
1,192749
1,192782
1,192847
1,192892
1,192902
1,193201
1,193324
1,193452
1,193565
1,193611
1,193680
1,193684
1,194080
1,194095
1,194130
1,194139
1,194186
1,194225
1,194374
1,194414
1,194415
1,194433
1,194441
1,194521
1,194545
1,194808
1,194826
1,194911
1,194984
1,195007
1,195064
1,195080
1,195084
1,195127
1,195269
1,195280
1,195301
1,195314
1,195499
1,195707
1,195916
1,195942
1,195977
1,196026
1,196059
1,196206
1,196260
1,196306
1,196343
1,196351
1,196402
1,196429
1,196433
1,196507
1,196578
1,196635
1,196637
1,196667
1,196788
1,196834
1,196891
1,196912
1,196967
1,196969
1,197001
1,197206
1,197335
1,197436
1,197497
1,197525
1,197532
1,197581
1,197698
1,197708
1,197787
1,197875
1,197896
1,197912
1,197954
1,197985
1,198209
1,198216
1,198235
1,198297
1,198329
1,198379
1,198413
1,198436
1,198514
1,198518
1,198527
1,198605
1,198624
1,198677
1,198893
1,199013
1,199018
1,199068
1,199102
1,199135
1,199137
1,199147
1,199159
1,199168
1,199202
1,199232
1,199251
1,199402
1,199405
1,199472
1,199491
1,199725
1,199750
1,199851
1,199879
1,199903
1,199908
1,199918
1,199960
1,200014
1,200086
1,200100
1,200194
1,200261
1,200316
1,200353
1,200371
1,200521
1,200552
1,200649
1,200730
1,200784
1,200842
1,200885
1,200956
1,201017
1,201033
1,201240
1,201254
1,201273
1,201326
1,201335
1,201405
1,201417
1,201480
1,201559
1,201646
1,201651
1,201775
1,201955
1,201990
1,201994
1,202022
1,202065
1,202228
1,202296
1,202298
1,202366
1,202394
1,202482
1,202500
1,202503
1,202520
1,202580
1,202744
1,202789
1,202836
1,202903
1,203077
1,203097
1,203274
1,203325
1,203403
1,203460
1,203506
1,203507
1,203559
1,203578
1,203599
1,203738
1,203837
1,203851
1,203885
1,203901
1,203924
1,203941
1,204045
1,204128
1,204191
1,204214
1,204220
1,204381
1,204387
1,204412
1,204422
1,204527
1,204691
1,204714
1,204837
1,204927
1,204949
1,205038
1,205096
1,205149
1,205251
1,205257
1,205358
1,205390
1,205417
1,205418
1,205521
1,205659
1,205736
1,205739
1,205801
1,205957
1,206005
1,206275
1,206303
1,206309
1,206492
1,206511
1,206633
1,206688
1,206696
1,206705
1,206711
1,206920
1,206956
1,206971
1,207019
1,207054
1,207367
1,207382
1,207627
1,207684
1,207736
1,207835
1,207876
1,207920
1,208016
1,208110
1,208126
1,208173
1,208185
1,208215
1,208297
1,208355
1,208390
1,208403
1,208515
1,208645
1,208708
1,208776
1,208913
1,208952
1,209121
1,209148
1,209312
1,209353
1,209513
1,209596
1,209632
1,209695
1,209851
1,209901
1,209947
1,210069
1,210098
1,210121
1,210159
1,210173
1,210199
1,210219
1,210300
1,210314
1,210318
1,210397
1,210404
1,210480
1,210497
1,210633
1,210660
1,210737
1,210757
1,210779
1,210783
1,211168
1,211412
1,211429
1,211533
1,211670
1,211705
1,211766
1,211784
1,211790
1,211944
1,212047
1,212057
1,212094
1,212128
1,212167
1,212205
1,212307
1,212438
1,212580
1,212596
1,212623
1,212654
1,212668
1,212784
1,212788
1,212827
1,212917
1,212938
1,212990
1,213140
1,213215
1,213232
1,213507
1,213586
1,213613
1,213719
1,213762
1,213793
1,213883
1,213885
1,213935
1,214058
1,214123
1,214415
1,214516
1,214574
1,214632
1,214667
1,214725
1,214731
1,214739
1,214848
1,214874
1,214914
1,215041
1,215062
1,215080
1,215178
1,215198
1,215313
1,215324
1,215403
1,215457
1,215505
1,215652
1,215750
1,215842
1,215848
1,215894
1,216132
1,216133
1,216167
1,216179
1,216224
1,216263
1,216466
1,216474
1,216478
1,216578
1,216817
1,216842
1,216921
1,216940
1,216958
1,217157
1,217319
1,217396
1,217439
1,217638
1,217647
1,217725
1,217746
1,217767
1,217872
1,218027
1,218185
1,218222
1,218323
1,218418
1,218531
1,218596
1,218612
1,218632
1,218717
1,218792
1,218867
1,218935
1,218944
1,219004
1,219142
1,219176
1,219236
1,219237
1,219517
1,219569
1,219572
1,219581
1,219638
1,219645
1,219682
1,219697
1,219760
1,219790
1,219814
1,219936
1,220001
1,220044
1,220142
1,220172
1,220281
1,220334
1,220440
1,220450
1,220534
1,220540
1,220556
1,220752
1,220768
1,220798
1,220834
1,220900
1,220933
1,220974
1,221009
1,221012
1,221016
1,221031
1,221045
1,221108
1,221195
1,221273
1,221408
1,221479
1,221537
1,221649
1,221784
1,221845
1,221867
1,221870
1,221909
1,221924
1,222011
1,222013
1,222060
1,222150
1,222218
1,222359
1,222568
1,222614
1,222698
1,222720
1,222722
1,222768
1,222895
1,222927
1,222939
1,222949
1,222957
1,223064
1,223075
1,223349
1,223360
1,223419
1,223422
1,223451
1,223582
1,223681
1,223691
1,223700
1,223796
1,223820
1,223837
1,223963
1,224074
1,224114
1,224146
1,224451
1,224452
1,224537
1,224620
1,224652
1,224678
1,224685
1,224768
1,224778
1,224853
1,224921
1,224992
1,224998
1,225082
1,225106
1,225120
1,225164
1,225252
1,225310
1,225360
1,225452
1,225517
1,225566
1,225693
1,225749
1,225769
1,225789
1,225976
1,226024
1,226036
1,226060
1,226075
1,226099
1,226124
1,226197
1,226441
1,226455
1,226511
1,226534
1,226579
1,226652
1,226673
1,226697
1,226702
1,226812
1,226854
1,226930
1,226971
1,227016
1,227083
1,227090
1,227112
1,227137
1,227141
1,227193
1,227273
1,227330
1,227368
1,227387
1,227449
1,227465
1,227530
1,227544
1,227596
1,227649
1,227701
1,227777
1,227808
1,227882
1,228017
1,228111
1,228134
1,228140
1,228194
1,228393
1,228437
1,228485
1,228524
1,228598
1,228608
1,228872
1,228946
1,229014
1,229174
1,229277
1,229351
1,229407
1,229448
1,229665
1,229697
1,229713
1,229739
1,229775
1,229794
1,229802
1,229856
1,229899
1,229912
1,229949
1,230026
1,230131
1,230252
1,230300
1,230399
1,230697
1,230758
1,230795
1,230817
1,230820
1,230916
1,230917
1,231167
1,231242
1,231266
1,231309
1,231550
1,231583
1,231695
1,231708
1,232115
1,232171
1,232278
1,232281
1,232380
1,232396
1,232459
1,232504
1,232659
1,232846
1,232887
1,232903
1,232997
1,233020
1,233031
1,233182
1,233261
1,233442
1,233486
1,233582
1,233595
1,233609
1,233700
1,233754
1,233836
1,233849
1,233968
1,234216
1,234221
1,234283
1,234290
1,234313
1,234548
1,234671
1,234727
1,234736
1,234806
1,234864
1,234886
1,235017
1,235037
1,235074
1,235104
1,235125
1,235160
1,235222
1,235251
1,235418
1,235652
1,235672
1,235799
1,235822
1,235868
1,236186
1,236219
1,236280
1,236350
1,236394
1,236520
1,236616
1,236700
1,236724
1,236728
1,236758
1,236847
1,236983
1,237013
1,237056
1,237102
1,237122
1,237134
1,237151
1,237239
1,237278
1,237399
1,237499
1,237533
1,237560
1,237614
1,237683
1,237815
1,237862
1,238012
1,238094
1,238097
1,238149
1,238188
1,238191
1,238219
1,238236
1,238274
1,238296
1,238307
1,238327
1,238378
1,238440
1,238456
1,238470
1,238560
1,238566
1,238659
1,238709
1,238771
1,238812
1,238907
1,238929
1,238998
1,239016
1,239119
1,239139
1,239170
1,239235
1,239277
1,239286
1,239435
1,239457
1,239483
1,239507
1,239594
1,239632
1,239664
1,239667
1,239790
1,240000
1,240080
1,240128
1,240367
1,240433
1,240438
1,240567
1,240589
1,240686
1,240755
1,240766
1,240870
1,240961
1,240963
1,240987
1,241038
1,241040
1,241109
1,241190
1,241297
1,241357
1,241392
1,241394
1,241400
1,241401
1,241417
1,241428
1,241676
1,241687
1,241765
1,241782
1,241852
1,241877
1,241893
1,241957
1,242062
1,242066
1,242095
1,242221
1,242275
1,242325
1,242461
1,242533
1,242667
1,242668
1,242693
1,242761
1,242855
1,243105
1,243143
1,243181
1,243187
1,243293
1,243382
1,243389
1,243390
1,243407
1,243424
1,243524
1,243636
1,243673
1,243694
1,243724
1,243836
1,243869
1,243875
1,243891
1,243947
1,244069
1,244326
1,244394
1,244396
1,244406
1,244417
1,244436
1,244471
1,244521
1,244571
1,244615
1,244697
1,244743
1,244771
1,244791
1,244832
1,244851
1,244892
1,244967
1,244975
1,245008
1,245357
1,245427
1,245591
1,245709
1,245797
1,245817
1,245860
1,245896
1,246237
1,246339
1,246450
1,246470
1,246493
1,246574
1,246582
1,246678
1,246690
1,246697
1,246929
1,246933
1,246944
1,246966
1,247083
1,247088
1,247091
1,247130
1,247349
1,247450
1,247457
1,247563
1,247606
1,247620
1,247622
1,247665
1,247710
1,247742
1,247756
1,247821
1,247847
1,248011
1,248082
1,248141
1,248236
1,248267
1,248428
1,248464
1,248519
1,248560
1,248616
1,248636
1,248668
1,248711
1,248886
1,248909
1,249026
1,249112
1,249149
1,249182
1,249227
1,249342
1,249364
1,249404
1,249537
1,249612
1,249639
1,249693
1,249895
1,250018
1,250042
1,250175
1,250215
1,250233
1,250246
1,250256
1,250258
1,250481
1,250507
1,250691
1,250727
1,250767
1,250937
1,251035
1,251123
1,251131
1,251217
1,251328
1,251427
1,251451
1,251625
1,251750
1,252045
1,252237
1,252294
1,252371
1,252448
1,252470
1,252481
1,252493
1,252603
1,252619
1,252630
1,252666
1,252721
1,252737
1,252818
1,252864
1,252902
1,252925
1,252947
1,253009
1,253092
1,253122
1,253167
1,253309
1,253317
1,253323
1,253526
1,253562
1,253598
1,253626
1,253665
1,253692
1,253697
1,253712
1,253730
1,254038
1,254172
1,254214
1,254306
1,254409
1,254469
1,254499
1,254504
1,254598
1,254913
1,254941
1,254943
1,254953
1,254999
1,255070
1,255289
1,255297
1,255365
1,255377
1,255425
1,255599
1,255739
1,255751
1,255763
1,255778
1,255789
1,255820
1,255839
1,255847
1,255942
1,255985
1,256017
1,256050
1,256064
1,256065
1,256118
1,256225
1,256287
1,256401
1,256416
1,256484
1,256510
1,256546
1,256586
1,256606
1,256739
1,256849
1,256941
1,257050
1,257072
1,257148
1,257172
1,257262
1,257444
1,257545
1,257563
1,257612
1,257651
1,257713
1,257815
1,257887
1,257943
1,257947
1,258000
1,258018
1,258019
1,258076
1,258086
1,258157
1,258158
1,258265
1,258413
1,258577
1,258587
1,258589
1,258667
1,258671
1,258743
1,258788
1,258952
1,258954
1,259115
1,259211
1,259276
1,259299
1,259415
1,259421
1,259453
1,259484
1,259556
1,259563
1,259604
1,259653
1,259698
1,259825
1,260002
1,260022
1,260052
1,260074
1,260136
1,260161
1,260185
1,260194
1,260271
1,260292
1,260337
1,260485
1,260601
1,260748
1,260752
1,260791
1,260894
1,261097
1,261138
1,261159
1,261280
1,261292
1,261323
1,261343
1,261371
1,261375
1,261390
1,261440
1,261636
1,261659
1,261816
1,261827
1,261830
1,261849
1,261883
1,261916
1,262014
1,262040
1,262082
1,262144
1,262149
1,262194
1,262339
1,262347
1,262350
1,262416
1,262455
1,262605
1,262708
1,262765
1,262834
1,262844
1,262847
1,262921
1,263094
1,263174
1,263180
1,263196
1,263266
1,263268
1,263551
1,263561
1,263582
1,263610
1,263676
1,263689
1,263732
1,263787
1,263820
1,263823
1,263857
1,264039
1,264103
1,264133
1,264242
1,264315
1,264371
1,264379
1,264444
1,264554
1,264588
1,264634
1,264647
1,264769
1,264844
1,264861
1,264862
1,264960
1,264973
1,264993
1,265012
1,265200
1,265219
1,265309
1,265345
1,265359
1,265558
1,265666
1,265695
1,265708
1,265714
1,265725
1,265844
1,266086
1,266133
1,266191
1,266224
1,266265
1,266324
1,266334
1,266415
1,266419
1,266460
1,266538
1,266564
1,266614
1,266672
1,266704
1,266752
1,266779
1,266875
1,266959
1,267301
1,267385
1,267453
1,267603
1,267610
1,267776
1,267800
1,267825
1,267896
1,267957
1,267964
1,268022
1,268094
1,268211
1,268337
1,268340
1,268352
1,268507
1,268562
1,268622
1,268656
1,268703
1,268711
1,268713
1,268746
1,268823
1,268867
1,268888
1,268891
1,268917
1,268947
1,269020
1,269114
1,269219
1,269225
1,269332
1,269385
1,269405
1,269433
1,269445
1,269572
1,269586
1,269600
1,269644
1,269668
1,269676
1,269702
1,269720
1,269775
1,269915
1,269927
1,269980
1,270009
1,270040
1,270057
1,270060
1,270226
1,270240
1,270364
1,270602
1,270624
1,270665
1,270702
1,270738
1,270743
1,270874
1,270905
1,270912
1,270959
1,270996
1,271162
1,271251
1,271548
1,271734
1,271735
1,271775
1,271816
1,271916
1,271946
1,271977
1,271995
1,272094
1,272214
1,272216
1,272228
1,272237
1,272320
1,272357
1,272489
1,272571
1,272576
1,272603
1,272646
1,272798
1,272984
1,272985
1,273000
1,273022
1,273032
1,273161
1,273263
1,273362
1,273415
1,273489
1,273657
1,273788
1,273858
1,273933
1,273986
1,274030
1,274046
1,274053
1,274082
1,274122
1,274139
1,274162
1,274233
1,274339
1,274388
1,274594
1,274646
1,274658
1,274729
1,274770
1,274896
1,275066
1,275128
1,275177
1,275246
1,275273
1,275348
1,275408
1,275529
1,275552
1,275770
1,275796
1,275808
1,275852
1,275878
1,275904
1,275916
1,276071
1,276076
1,276143
1,276156
1,276227
1,276272
1,276333
1,276391
1,276397
1,276495
1,276577
1,276607
1,276620
1,276622
1,276849
1,276883
1,277007
1,277050
1,277063
1,277149
1,277153
1,277241
1,277244
1,277249
1,277283
1,277408
1,277422
1,277656
1,277682
1,277736
1,277762
1,277819
1,277840
1,277873
1,277934
1,278042
1,278057
1,278074
1,278108
1,278146
1,278174
1,278185
1,278195
1,278206
1,278232
1,278307
1,278417
1,278584
1,278740
1,278756
1,278824
1,278825
1,278880
1,278910
1,279071
1,279120
1,279210
1,279252
1,279366
1,279440
1,279483
1,279551
1,279554
1,279656
1,279687
1,279853
1,279895
1,280156
1,280160
1,280283
1,280292
1,280473
1,280495
1,280634
1,280803
1,280853
1,281064
1,281104
1,281111
1,281208
1,281215
1,281324
1,281335
1,281346
1,281357
1,281384
1,281387
1,281427
1,281455
1,281642
1,281692
1,281711
1,281747
1,281773
1,281793
1,281893
1,282260
1,282307
1,282492
1,282551
1,282588
1,282677
1,283017
1,283046
1,283055
1,283061
1,283087
1,283232
1,283274
1,283289
1,283334
1,283471
1,283542
1,283576
1,283602
1,283686
1,283755
1,283830
1,283904
1,283998
1,284110
1,284197
1,284284
1,284327
1,284413
1,284534
1,284578
1,284603
1,284636
1,284666
1,284725
1,284783
1,284903
1,285038
1,285189
1,285291
1,285633
1,285635
1,285738
1,285748
1,285803
1,285897
1,285898
1,285938
1,285946
1,285985
1,286111
1,286233
1,286407
1,286412
1,286440
1,286461
1,286474
1,286482
1,286512
1,286600
1,286650
1,286655
1,286707
1,286820
1,286923
1,286947
1,286962
1,287013
1,287142
1,287185
1,287377
1,287491
1,287495
1,287544
1,287687
1,287766
1,287770
1,287776
1,288018
1,288122
1,288256
1,288294
1,288349
1,288413
1,288584
1,288667
1,288686
1,288701
1,288783
1,288993
1,289017
1,289033
1,289058
1,289160
1,289166
1,289187
1,289250
1,289321
1,289333
1,289336
1,289338
1,289380
1,289493
1,289658
1,289720
1,289732
1,289749
1,289768
1,289932
1,289952
1,289988
1,289999
1,290103
